
	0	14	20.8	27	18.5	22.2	25.8	30.6
14	0	6.8	13	4.5	8.2	11.8	16.6
20.8	6.8	0	6.2	11.3	15	18.6	23.4
27	13	6.2	0	17.5	21.2	24.8	29.6
18.5	4.5	11.3	17.5	0	3.7	7.3	12.1
22.2	8.2	15	21.2	3.7	0	3.6	8.4
25.8	11.8	18.6	24.8	7.3	3.6	0	4.8
30.6	16.6	23.4	29.6	12.1	8.4	4.8	0
