       f8463 f8468 f8487 f8391 f8378 f8344 f8337 base
f8463   00.0  06.8  13.0  04.5  08.2  11.8  16.6 14.0
f8468   06.8  00.0  06.2  11.3  15.0  18.6  23.4 20.8
f8487   13.0  06.2  00.0  17.5  21.2  24.8  29.6 27.0
f8391   04.5  11.3  17.5  00.0  03.7  07.3  12.1 18.5
f8378   08.2  15.0  21.2  03.7  00.0  03.6  08.4 22.2
f8344   11.8  18.6  24.8  07.3  03.6  00.0  04.8 25.8
f8337   16.6  23.4  29.6  12.1  08.4  04.8  00.0 11.1
base    14.0  20.8  27.0  18.5  22.2  25.8  11.1 00.0

